- cam_id: 0
  projection_matrix: [11162.85801, 0.000000000000e+00, 1938.03850, 0, 0.000000000000e+00,  11109.93803, 1270.60007, 0, 0.000000000000e+00, 0.000000000000e+00, 1.000000000000e+00,0]
  extrinsics: [0.0607901, -0.205867, 0.97669, 0.313862, -0.99711, 0.0321484, 0.0688373, -0.302954,-0.0455703, -0.978052, -0.203318, -0.291717, 0, 0, 0, 1]
  distortion: [-0.13870, -0.00000, -0.00929, -0.00027, 0.00000]

#note: this is the intrinsics for the 100mm zoom setting on the point and shoot camera!!!!


  
  
